135, 197, 147, 127, 25, 98, 147, 180, 119, 55, 28, 121, 197, 193, 115, 29, 168, 176, 49, 199, 75, 194, 167, 8, 187, 11
144, 74, 60, 2, 172, 31, 37, 35, 174, 191, 135, 132, 3, 1, 155, 183, 34, 45, 176, 83, 27, 68, 52, 199, 8, 117, 114, 68
184, 13, 74, 142, 82, 90, 134, 175, 199, 196, 176, 24, 136, 65, 193, 5, 151, 27, 20, 139, 169, 183, 177, 88, 184, 101
150, 175, 23, 71, 0, 199, 95, 193, 87, 176, 191, 83, 55, 17, 24, 13, 51, 40, 38, 152, 28, 159, 130, 61, 127, 127, 68
28, 20, 108, 102, 187, 186, 101, 60, 81, 177, 14, 128, 182, 103, 124, 178, 57, 196, 92, 108, 45, 105, 88, 195, 49, 195
79, 49, 67, 150, 136, 8, 16, 116, 107, 1, 162, 173, 12, 18, 199, 192, 60, 6, 146, 119, 174, 23, 192, 72, 115, 102, 56
48, 107, 59, 168, 27, 185, 144, 17, 94, 97, 191, 158, 142, 176, 157, 190, 105, 168, 182, 36, 49, 71, 87, 143, 73, 35
27, 112, 132, 44, 107, 99, 86, 179, 56, 175, 73, 75, 107, 20, 111, 168, 91, 101, 161, 5, 108, 83, 62, 35, 12, 33, 113
61, 155, 123, 118, 40, 119, 104, 26, 8, 104, 70, 12, 86, 198, 92, 179, 109, 118, 26, 157, 156, 43, 69, 40, 182, 159, 80
105, 197, 93, 44, 104, 37, 33, 95, 148, 28, 7, 114, 56, 15, 69, 157, 17, 32, 182, 117, 187, 44, 148, 78, 111, 48, 89
139, 83, 116, 98, 90, 94, 144, 153, 13, 134, 51, 173, 59, 32, 114, 32, 85, 11, 141, 173, 20, 10, 101, 76, 175, 52, 18
195, 26, 106, 105, 170, 179, 156, 163, 123, 38, 112, 32, 117, 17, 176, 90, 68, 17, 79, 63, 134, 91, 151, 94, 12, 143